day01: 1319616 27267728
day02: 359 418
day03: 179834255 80570939
day04: 2545 1886
day05: 5991 5479
day06: 4819 1796
day07: 1289579105366 92148721834692
day08: 273 1017
day09: 6398608069280 6427437134372
day10: 512 1045
day11: 194482 232454623677743
day12: 1471452 863366
day13: 32067 92871736253789
day14: 210587128 7286
day15: 1527563 1521635
day16: 106512 563
day17: 2,0,1,3,4,0,2,1,7  236580836040301
day18: 298 52,32
day19: 367 724388733465031
day20: 1381 982124
day21: 176650 217698355426872